@Using Triangular Membership Functions as antecedent fuzzy sets
@Number of Labels per variable: 3

feature1:
 L_1: (-7.275298243874671,0.11004809586389497,7.495394435602462)
 L_2: (0.11004809586389497,7.495394435602462,14.880740775341028)
 L_3: (7.495394435602462,14.880740775341028,22.266087115079593)

feature2:
 L_1: (-7.335281451684416,0.06525363083276114,7.465788713349939)
 L_2: (0.06525363083276114,7.465788713349939,14.866323795867116)
 L_3: (7.465788713349939,14.866323795867116,22.266858878384294)
