@Using Triangular Membership Functions as antecedent fuzzy sets
@Number of Labels per variable: 3

feature1:
 L_1: (-4.980251010631603,0.008919935979348481,4.998090882590301)
 L_2: (0.008919935979348481,4.998090882590301,9.987261829201252)
 L_3: (4.998090882590301,9.987261829201252,14.976432775812205)

feature2:
 L_1: (-4.969813759039628,0.01699460112704554,5.003802961293719)
 L_2: (0.01699460112704554,5.003802961293719,9.990611321460392)
 L_3: (5.003802961293719,9.990611321460392,14.977419681627065)
