@Using Triangular Membership Functions as antecedent fuzzy sets
@Number of Labels per variable: 3

feature1:
 L_1: (-7.1698674518784085,0.017799773105387495,7.205466998089184)
 L_2: (0.017799773105387495,7.205466998089184,14.39313422307298)
 L_3: (7.205466998089184,14.39313422307298,21.580801448056775)

feature2:
 L_1: (-7.177341842947768,0.19106399513645733,7.559469833220683)
 L_2: (0.19106399513645733,7.559469833220683,14.927875671304907)
 L_3: (7.559469833220683,14.927875671304907,22.296281509389132)
